 nombre d'iteration max?
 precision souhaite?
 ----------choix du systeme-------------------------
 1) systeme 4x4                                     
 2) systeme 9x9                                     
 ---------------------------------------------------
 choix?
 ------------tp2:Methode Iterative------------------
                                                    
 1) Resolution du systeme avec Jacobi               
 2) Resolution du systeme avec Gauss-Seidel         
 3) Resolution du systeme avec la Relaxation        
    avec variation du coeff de relaxation           
 0) exit                                            
 --------------by M.Escourbiac----------------------
 choix?
 Matrice :
   4.00000000000000       -1.00000000000000        0.00000000000000       -1.00000000000000        0.00000000000000        0.00000000000000        0.00000000000000        0.00000000000000        0.00000000000000     
  -1.00000000000000        4.00000000000000       -1.00000000000000        0.00000000000000       -1.00000000000000        0.00000000000000        0.00000000000000        0.00000000000000        0.00000000000000     
   0.00000000000000       -1.00000000000000        4.00000000000000        0.00000000000000        0.00000000000000       -1.00000000000000        0.00000000000000        0.00000000000000        0.00000000000000     
  -1.00000000000000        0.00000000000000        0.00000000000000        4.00000000000000       -1.00000000000000        0.00000000000000       -1.00000000000000        0.00000000000000        0.00000000000000     
   0.00000000000000       -1.00000000000000        0.00000000000000       -1.00000000000000        4.00000000000000       -1.00000000000000        0.00000000000000       -1.00000000000000        0.00000000000000     
   0.00000000000000        0.00000000000000       -1.00000000000000        0.00000000000000       -1.00000000000000        4.00000000000000        0.00000000000000        0.00000000000000       -1.00000000000000     
   0.00000000000000        0.00000000000000        0.00000000000000       -1.00000000000000        0.00000000000000        0.00000000000000        4.00000000000000       -1.00000000000000        0.00000000000000     
   0.00000000000000        0.00000000000000        0.00000000000000        0.00000000000000       -1.00000000000000        0.00000000000000       -1.00000000000000        4.00000000000000       -1.00000000000000     
   0.00000000000000        0.00000000000000        0.00000000000000        0.00000000000000        0.00000000000000       -1.00000000000000        0.00000000000000       -1.00000000000000        4.00000000000000     
 vecteur:
   4.00000000000000        4.00000000000000        4.00000000000000        4.00000000000000        4.00000000000000        4.00000000000000        4.00000000000000        4.00000000000000        4.00000000000000     
 ------------------------------------------------------
 Pour w=  0.100000000000000     
 nombre d'iterations effectuees =          336
 vecteur:
   2.74991894999617        3.49988713201334        2.74992141158681        3.49988713201334        4.49984282317361        3.49989055995671        2.74992141158681        3.49989055995671        2.74992379841659     
 ------------------------------------------------------
 Pour w=  0.200000000000000     
 nombre d'iterations effectuees =          171
 vecteur:
   2.74996169023906        3.49994755938356        2.74996410812581        3.49994755938356        4.49992821625162        3.49995086912721        2.74996410812581        3.49995086912721        2.74996637341033     
 ------------------------------------------------------
 Pour w=  0.300000000000000     
 nombre d'iterations effectuees =          112
 vecteur:
   2.74997523399725        3.49996674703195        2.74997767585087        3.49996674703195        4.49995535170174        3.49997002567526        2.74997767585087        3.49997002567526        2.74997987694550     
 ------------------------------------------------------
 Pour w=  0.400000000000000     
 nombre d'iterations effectuees =           82
 vecteur:
   2.74998396450594        3.49997893652983        2.74998616600864        3.49997893652983        4.49997233201729        3.49998182832038        2.74998616600864        3.49998182832038        2.74998806526873     
 ------------------------------------------------------
 Pour w=  0.500000000000000     
 nombre d'iterations effectuees =           63
 vecteur:
   2.74998835162537        3.49998508103612        2.74999044607128        3.49998508103612        4.49998089214256        3.49998776355326        2.74999044607128        3.49998776355326        2.74999216392373     
 ------------------------------------------------------
 Pour w=  0.600000000000000     
 nombre d'iterations effectuees =           50
 vecteur:
   2.74999148704207        3.49998941500393        2.74999341931782        3.49998941500393        4.49998683863565        3.49999181759210        2.74999341931782        3.49999181759210        2.74999491300469     
 ------------------------------------------------------
 Pour w=  0.700000000000000     
 nombre d'iterations effectuees =           40
 vecteur:
   2.74999287175032        3.49999144610026        2.74999486766011        3.49999144610026        4.49998973532021        3.49999384119209        2.74999486766011        3.49999384119209        2.74999630471524     
 ------------------------------------------------------
 Pour w=  0.800000000000000     
 nombre d'iterations effectuees =           32
 vecteur:
   2.74999335585255        3.49999237031629        2.74999561929699        3.49999237031629        4.49999123859399        3.49999496950083        2.74999561929699        3.49999496950083        2.74999711165973     
 ------------------------------------------------------
 Pour w=  0.900000000000000     
 nombre d'iterations effectuees =           26
 vecteur:
   2.74999513841662        3.49999472795859        2.74999714142303        3.49999472795859        4.49999428284605        3.49999690007658        2.74999714142303        3.49999690007658        2.74999831917676     
 ------------------------------------------------------
 Pour w=   1.00000000000000     
 nombre d'iterations effectuees =           21
 vecteur:
   2.74999701976776        3.49999701976776        2.74999850988388        3.49999701976776        4.49999701976776        3.49999850988388        2.74999850988388        3.49999850988388        2.74999925494194     
 ------------------------------------------------------
 Pour w=   1.10000000000000     
 nombre d'iterations effectuees =           16
 vecteur:
   2.74999811066673        3.49999835598492        2.74999928472503        3.49999835598492        4.49999856945006        3.49999937759904        2.74999928472503        3.49999937759904        2.74999972920697     
 ------------------------------------------------------
 Pour w=   1.20000000000000     
 nombre d'iterations effectuees =           11
 vecteur:
   2.75000035888834        3.49999963451697        2.74999987191611        3.49999963451697        4.49999972335223        3.49999991257340        2.74999987191611        3.49999991257340        2.74999997005530     
 ------------------------------------------------------
 Pour w=   1.30000000000000     
 nombre d'iterations effectuees =           14
 vecteur:
   2.74999910686418        3.49999994415899        2.75000009785204        3.49999994415899        4.50000024353376        3.50000008569101        2.75000009785204        3.50000008569101        2.74999998564899     
 ------------------------------------------------------
 Pour w=   1.40000000000000     
 nombre d'iterations effectuees =           17
 vecteur:
   2.75000017143421        3.50000113974261        2.75000064821907        3.50000113974261        4.50000112463944        3.50000028628837        2.75000064821907        3.50000028628837        2.75000031025050     
 ------------------------------------------------------
 Pour w=   1.50000000000000     
 nombre d'iterations effectuees =           22
 vecteur:
   2.74999866891263        3.49999965141677        2.74999924077883        3.49999965141677        4.49999871997624        3.49999937082371        2.74999924077883        3.49999937082371        2.74999995295028     
 ------------------------------------------------------
 Pour w=   1.60000000000000     
 nombre d'iterations effectuees =           28
 vecteur:
   2.75000284739864        3.50000299590801        2.75000050563116        3.50000299590801        4.50000162535655        3.50000081041867        2.75000050563116        3.50000081041867        2.74999888246866     
 ------------------------------------------------------
 Pour w=   1.70000000000000     
 nombre d'iterations effectuees =           39
 vecteur:
   2.75000107415076        3.50000046202184        2.75000261883996        3.50000046202184        4.50000432813624        3.50000090635707        2.75000261883996        3.50000090635707        2.74999948117792     
 ------------------------------------------------------
 Pour w=   1.80000000000000     
 nombre d'iterations effectuees =           62
 vecteur:
   2.74999768546232        3.49999817783005        2.75000034593050        3.49999817783005        4.50000167265816        3.50000249019564        2.75000034593051        3.50000249019564        2.74999867924627     
 ------------------------------------------------------
 Pour w=   1.90000000000000     
 nombre d'iterations effectuees =          133
 vecteur:
   2.74999749149838        3.49999748029806        2.74999986272305        3.49999748029806        4.49999890461509        3.49999972975485        2.74999986272305        3.49999972975485        2.75000283110672     
